1111111111111111111111111111111111
1000000000000000110000000000000001
1110000000000000000000000000000111
1000000000000000110000000000000001
1000000000000000110000000000000001
1000000000000000110000000000000001
1000000000000000000000000000000001
1000000000000000000000000000000001
1000000000000011001100000000000001
1000000000000000000000000000000001
1111000000000000000000000000001111
1000000000000000000000000000000001
1000000111111110000111111110000001
1000000000000000000000000000000001
1000011000000011111100000001100001
1000000110000011111100000110000001
1000000001100000000000011000000001
1000000000000000000000000000000001
1000000000000112222110000000000001
1000000000011001111001100000000001
1000000001100000000000011000000001
1000000000000000000000000000000001
1000000000000000000000000000000001
1111111111111111111111111111111111
